layout_0x0_min_tile.png 0 0 100 100 0 100 100 105 105 0 100 102 101 107 0
layout_0x0_min_tile.png 100 100 105 105 0
layout_0x0_min_tile.png 100 102 101 107 0
layout_0x0_min_tile.png 0 0 100 100 0 100 100 105 105 0 100 102 101 107 0
layout_0x0_min_tile.png 0 0 100 100 0 100 100 105 105 0 100 102 101 107 0
layout_0x0_min_tile.png 0 0 100 100 0 100 100 105 105 0 100 102 101 107 0
layout_0x0_min_tile.png 0 0 100 100 0 100 100 105 105 0 100 102 101 107 0
layout_0x0_min_tile.png 0 0 100 100 0 100 100 105 105 0 100 102 101 107 0
layout_0x0_min_tile.png 0 0 100 100 0 100 100 105 105 0 100 102 101 107 0
layout_0x0_min_tile.png 0 0 100 100 0 100 100 105 105 0 100 102 101 107 0
layout_0x0_min_tile.png 0 0 100 100 0 100 100 105 105 0 100 102 101 107 0
layout_0x0_min_tile.png 0 0 100 100 0 100 100 105 105 0 100 102 101 107 0
layout_0x0_min_tile.png 0 0 100 100 0 100 100 105 105 0 100 102 101 107 0
layout_0x0_min_tile.png 0 0 100 100 0 100 100 105 105 0 100 102 101 107 0
layout_0x0_min_tile.png 0 0 100 100 0 100 100 105 105 0 100 102 101 107 0
layout_0x0_min_tile.png 0 0 100 100 0 100 100 105 105 0 100 102 101 107 0
layout_0x0_min_tile.png 0 0 100 100 0 100 100 105 105 0 100 102 101 107 0
layout_0x0_min_tile.png 0 0 100 100 0 100 100 105 105 0 100 102 101 107 0
layout_0x0_min_tile.png 0 0 100 100 0 100 100 105 105 0 100 102 101 107 0
layout_0x0_min_tile.png 0 0 100 100 0 100 100 105 105 0 100 102 101 107 0
layout_0x0_min_tile.png 0 0 100 100 0 100 100 105 105 0 100 102 101 107 0
layout_0x0_min_tile.png 0 0 100 100 0 100 100 105 105 0 100 102 101 107 0
layout_0x0_min_tile.png 0 0 100 100 0 100 100 105 105 0 100 102 101 107 0
layout_0x0_min_tile.png 0 0 100 100 0 100 100 105 105 0 100 102 101 107 0
layout_0x0_min_tile.png 0 0 100 100 0 100 100 105 105 0 100 102 101 107 0
layout_0x0_min_tile.png 0 0 100 100 0 100 100 105 105 0 100 102 101 107 0
layout_0x0_min_tile.png 0 0 100 100 0 100 100 105 105 0 100 102 101 107 0
layout_0x0_min_tile.png 0 0 100 100 0 100 100 105 105 0 100 102 101 107 0
layout_0x0_min_tile.png 0 0 100 100 0 100 100 105 105 0 100 102 101 107 0
layout_0x0_min_tile.png 0 0 100 100 0 100 100 105 105 0 100 102 101 107 0
layout_0x0_min_tile.png 0 0 100 100 0 100 100 105 105 0 100 102 101 107 0
layout_0x0_min_tile.png 0 0 100 100 0 100 100 105 105 0 100 102 101 107 0
layout_0x0_min_tile.png 0 0 100 100 0 100 100 105 105 0 100 102 101 107 0